33
Chaetosphaeria_ciliata      0.0000000 0.2605864 0.3625708 0.5795986 0.5536245 0.3685786 0.2675967 0.6926288 0.5021875 0.6049847 0.2871245 0.3660415 0.2778827 0.5882181 0.1831839 0.5787601 0.1853322 0.5352305 0.5089453 0.2825790 0.2945756 0.3535106 0.5001462 0.5534688 0.3198838 0.6089433 0.3430296 0.2589417 0.5382611 0.2646077 0.2786944 0.6682321 0.5851209 
Coniochaeta_JDC7            0.2605864 0.0000000 0.0953783 0.1762650 0.3618034 0.0743042 0.0665931 0.1465849 0.3572906 0.1360965 0.1275033 0.1474239 0.1211751 0.1354623 0.0250516 0.2025346 0.0245277 0.2762191 0.1324401 0.0686500 0.0665230 0.0784632 0.4145516 0.1290022 0.2535479 0.3935674 0.0848401 0.0509396 0.4300482 0.0630871 0.0554303 0.3638095 0.1630932 
Coniochaeta_africana        0.3625708 0.0953783 0.0000000 0.0970134 0.2178645 0.0758997 0.0406143 0.1523577 0.2162407 0.0459485 0.1174529 0.1138360 0.1126843 0.0559137 0.0152698 0.0955620 0.0379677 0.1566422 0.0881286 0.0360176 0.0437739 0.0340961 0.2123194 0.0553071 0.0895882 0.2201425 0.0365627 0.0610823 0.2952222 0.0472093 0.0719603 0.2760322 0.0544150 
Coniochaeta_baysunika       0.5795986 0.1762650 0.0970134 0.0000000 0.2968911 0.0959889 0.1109246 0.1099584 0.2180210 0.0843259 0.2320340 0.2784875 0.3202111 0.1083210 0.0000010 0.1341385 0.0000010 0.2091902 0.0971468 0.0901234 0.1055738 0.0911363 0.2343626 0.0863373 0.2238232 0.2588054 0.1067488 0.1120149 0.3320050 0.0794445 0.0842508 0.3590473 0.1064092 
Coniochaeta_boothii         0.5536245 0.3618034 0.2178645 0.2968911 0.0000000 0.3446116 0.2520264 0.3241513 0.1063621 0.2375678 0.0375225 0.1007716 0.1760047 0.1653291 0.0000010 0.2860574 0.0000010 0.2450708 0.2636971 0.2328692 0.2602353 0.2420326 0.1366541 0.1754215 0.2289281 0.1578523 0.2754015 0.2662158 0.1293133 0.2438847 0.3450457 0.4088884 0.2490956 
Coniochaeta_canina          0.3685786 0.0743042 0.0758997 0.0959889 0.3446116 0.0000000 0.0774304 0.0323908 0.2800852 0.0852325 0.1538757 0.1467094 0.1548912 0.1233452 0.0456002 0.1727379 0.0341227 0.2552755 0.0981877 0.0667600 0.0731629 0.0678028 0.3041141 0.1218224 0.1297075 0.2586326 0.0771993 0.0690706 0.3673659 0.0796352 0.0238743 0.3445143 0.1326517 
Coniochaeta_caraganae       0.2675967 0.0665931 0.0406143 0.1109246 0.2520264 0.0774304 0.0000000 0.1678477 0.2090775 0.0611113 0.0950135 0.1209350 0.0892710 0.0781734 0.0154419 0.1052230 0.0232711 0.1581499 0.0708843 0.0360769 0.0428739 0.0512136 0.2328953 0.0772592 0.0809479 0.2299411 0.0478225 0.0461142 0.3052013 0.0342113 0.0587750 0.3151302 0.0983669 
Coniochaeta_cateniformis    0.6926288 0.1465849 0.1523577 0.1099584 0.3241513 0.0323908 0.1678477 0.0000000 0.3528640 0.1154535 0.3303050 0.3275229 0.3793736 0.1395376 0.0000010 0.1737299 0.0000010 0.3113131 0.1209637 0.1304444 0.1392085 0.1255652 0.3872932 0.1440582 0.3276672 0.3517922 0.1364801 0.1467222 0.4383507 0.1475445 0.0000010 0.3273644 0.1522667 
Coniochaeta_cipronana       0.5021875 0.3572906 0.2162407 0.2180210 0.1063621 0.2800852 0.2090775 0.3528640 0.0000000 0.2048427 0.0537813 0.0104682 0.0695871 0.1897745 0.0000010 0.3255974 0.0000010 0.1721280 0.2151335 0.2674826 0.2971626 0.2773446 0.0327172 0.2003296 0.2257261 0.0519776 0.2291307 0.2522641 0.1074338 0.2232454 0.3012119 0.4105531 0.2592236 
Coniochaeta_cymbiformispora 0.6049847 0.1360965 0.0459485 0.0843259 0.2375678 0.0852325 0.0611113 0.1154535 0.2048427 0.0000000 0.2059808 0.2579026 0.2646933 0.0199889 0.0000010 0.0902280 0.0000010 0.1496274 0.0470977 0.0427905 0.0572938 0.0458419 0.2047609 0.0199412 0.1503541 0.2042815 0.0600490 0.0774898 0.3163508 0.0616827 0.1025308 0.2890015 0.0468440 
Coniochaeta_deborreae       0.2871245 0.1275033 0.1174529 0.2320340 0.0375225 0.1538757 0.0950135 0.3303050 0.0537813 0.2059808 0.0000000 0.0535285 0.0677738 0.1737605 0.0511828 0.2927987 0.0480943 0.2143407 0.2064513 0.0992989 0.1052140 0.1327620 0.0768599 0.1714741 0.1079331 0.1019773 0.1406617 0.0985321 0.0792013 0.1039444 0.1153066 0.4086367 0.2293490 
Coniochaeta_decumbens       0.3660415 0.1474239 0.1138360 0.2784875 0.1007716 0.1467094 0.1209350 0.3275229 0.0104682 0.2579026 0.0535285 0.0000000 0.0400872 0.1847260 0.0478418 0.3265194 0.0459557 0.2328981 0.2783065 0.1150254 0.1276156 0.1180440 0.0332638 0.1952041 0.1222986 0.0427889 0.1230312 0.1181239 0.1105555 0.1238111 0.1313941 0.3639185 0.2706585 
Coniochaeta_discoidea       0.2778827 0.1211751 0.1126843 0.3202111 0.1760047 0.1548912 0.0892710 0.3793736 0.0695871 0.2646933 0.0677738 0.0400872 0.0000000 0.2055956 0.0317045 0.3660429 0.0354000 0.2728703 0.3227182 0.0889040 0.0996347 0.1156429 0.0654082 0.2165978 0.1045724 0.0420727 0.1171416 0.0935947 0.1855794 0.0916329 0.1186756 0.4210135 0.2868322 
Coniochaeta_elegans         0.5882181 0.1354623 0.0559137 0.1083210 0.1653291 0.1233452 0.0781734 0.1395376 0.1897745 0.0199889 0.1737605 0.1847260 0.2055956 0.0000000 0.0000010 0.0919789 0.0000010 0.1467044 0.0615148 0.0365497 0.0454293 0.0453305 0.1915771 0.0119010 0.1109140 0.2016842 0.0703498 0.0805428 0.2518163 0.0629401 0.1171538 0.3062626 0.0418579 
Coniochaeta_endophytica     0.1831839 0.0250516 0.0152698 0.0000010 0.0000010 0.0456002 0.0154419 0.0000010 0.0000010 0.0000010 0.0511828 0.0478418 0.0317045 0.0000010 0.0000000 0.0000010 0.0247329 0.0000010 0.0000010 0.0201267 0.0172498 0.0126376 0.0000010 0.0000010 0.2231193 0.0000010 0.0037223 0.0217204 0.0000010 0.0165077 0.0203036 0.0000010 0.0000010 
Coniochaeta_fasciculata     0.5787601 0.2025346 0.0955620 0.1341385 0.2860574 0.1727379 0.1052230 0.1737299 0.3255974 0.0902280 0.2927987 0.3265194 0.3660429 0.0919789 0.0000010 0.0000000 0.0000010 0.2265892 0.1201409 0.0690246 0.0964293 0.0853341 0.3716794 0.0803287 0.1995439 0.3750985 0.0822333 0.1263170 0.4299923 0.0747049 0.1443075 0.3062103 0.0648543 
Coniochaeta_fodinicola      0.1853322 0.0245277 0.0379677 0.0000010 0.0000010 0.0341227 0.0232711 0.0000010 0.0000010 0.0000010 0.0480943 0.0459557 0.0354000 0.0000010 0.0247329 0.0000010 0.0000000 0.0000010 0.0000010 0.0190525 0.0190726 0.0379057 0.0000010 0.0000010 0.0274165 0.0000010 0.0376446 0.0078060 0.0000010 0.0278223 0.0162027 0.0000010 0.0000010 
Coniochaeta_gigantospora    0.5352305 0.2762191 0.1566422 0.2091902 0.2450708 0.2552755 0.1581499 0.3113131 0.1721280 0.1496274 0.2143407 0.2328981 0.2728703 0.1467044 0.0000010 0.2265892 0.0000010 0.0000000 0.1690398 0.2050554 0.2220236 0.2000531 0.1825215 0.1556146 0.1190991 0.2187172 0.1498671 0.2362526 0.2643466 0.1497405 0.2374424 0.3499589 0.1964900 
Coniochaeta_hoffmannii      0.5089453 0.1324401 0.0881286 0.0971468 0.2636971 0.0981877 0.0708843 0.1209637 0.2151335 0.0470977 0.2064513 0.2783065 0.3227182 0.0615148 0.0000010 0.1201409 0.0000010 0.1690398 0.0000000 0.0703386 0.0897774 0.0767535 0.2089234 0.0549323 0.2169647 0.2234694 0.0888887 0.0654456 0.3505736 0.0642604 0.1038626 0.2883959 0.0856033 
Coniochaeta_lignicola       0.2825790 0.0686500 0.0360176 0.0901234 0.2328692 0.0667600 0.0360769 0.1304444 0.2674826 0.0427905 0.0992989 0.1150254 0.0889040 0.0365497 0.0201267 0.0690246 0.0190525 0.2050554 0.0703386 0.0000000 0.0107477 0.0132556 0.2954126 0.0307810 0.0839169 0.2863724 0.0389033 0.0408506 0.4136184 0.0231343 0.0549728 0.2535174 0.0325501 
Coniochaeta_luteoviridis    0.2945756 0.0665230 0.0437739 0.1055738 0.2602353 0.0731629 0.0428739 0.1392085 0.2971626 0.0572938 0.1052140 0.1276156 0.0996347 0.0454293 0.0172498 0.0964293 0.0190726 0.2220236 0.0897774 0.0107477 0.0000000 0.0113373 0.3272673 0.0393819 0.0894393 0.3319960 0.0485620 0.0478364 0.4422671 0.0329116 0.0548984 0.2945469 0.0461466 
Coniochaeta_mutabilis       0.3535106 0.0784632 0.0340961 0.0911363 0.2420326 0.0678028 0.0512136 0.1255652 0.2773446 0.0458419 0.1327620 0.1180440 0.1156429 0.0453305 0.0126376 0.0853341 0.0379057 0.2000531 0.0767535 0.0132556 0.0113373 0.0000000 0.3058832 0.0392986 0.0944799 0.3103061 0.0356095 0.0592315 0.4136625 0.0337178 0.0655448 0.2677673 0.0460552 
Coniochaeta_navarrae        0.5001462 0.4145516 0.2123194 0.2343626 0.1366541 0.3041141 0.2328953 0.3872932 0.0327172 0.2047609 0.0768599 0.0332638 0.0654082 0.1915771 0.0000010 0.3716794 0.0000010 0.1825215 0.2089234 0.2954126 0.3272673 0.3058832 0.0000000 0.2021856 0.2276331 0.0433328 0.2397291 0.2635990 0.1392164 0.2358260 0.3289842 0.4060498 0.2725328 
Coniochaeta_nivea           0.5534688 0.1290022 0.0553071 0.0863373 0.1754215 0.1218224 0.0772592 0.1440582 0.2003296 0.0199412 0.1714741 0.1952041 0.2165978 0.0119010 0.0000010 0.0803287 0.0000010 0.1556146 0.0549323 0.0307810 0.0393819 0.0392986 0.2021856 0.0000000 0.1141870 0.2126093 0.0675738 0.0758706 0.2848105 0.0549129 0.1176942 0.3115369 0.0392422 
Coniochaeta_ostrea          0.3198838 0.2535479 0.0895882 0.2238232 0.2289281 0.1297075 0.0809479 0.3276672 0.2257261 0.1503541 0.1079331 0.1222986 0.1045724 0.1109140 0.2231193 0.1995439 0.0274165 0.1190991 0.2169647 0.0839169 0.0894393 0.0944799 0.2276331 0.1141870 0.0000000 0.2573263 0.0940753 0.0786810 0.3356254 0.0779265 0.1414743 0.2561144 0.1690602 
Coniochaeta_polymorpha      0.6089433 0.3935674 0.2201425 0.2588054 0.1578523 0.2586326 0.2299411 0.3517922 0.0519776 0.2042815 0.1019773 0.0427889 0.0420727 0.2016842 0.0000010 0.3750985 0.0000010 0.2187172 0.2234694 0.2863724 0.3319960 0.3103061 0.0433328 0.2126093 0.2573263 0.0000000 0.2583171 0.2893426 0.1644840 0.2630270 0.3359033 0.4310786 0.2764945 
Coniochaeta_prunicola       0.3430296 0.0848401 0.0365627 0.1067488 0.2754015 0.0771993 0.0478225 0.1364801 0.2291307 0.0600490 0.1406617 0.1230312 0.1171416 0.0703498 0.0037223 0.0822333 0.0376446 0.1498671 0.0888887 0.0389033 0.0485620 0.0356095 0.2397291 0.0675738 0.0940753 0.2583171 0.0000000 0.0630947 0.3676353 0.0446892 0.0747325 0.2220951 0.0538462 
Coniochaeta_rankiniae       0.2589417 0.0509396 0.0610823 0.1120149 0.2662158 0.0690706 0.0461142 0.1467222 0.2522641 0.0774898 0.0985321 0.1181239 0.0935947 0.0805428 0.0217204 0.1263170 0.0078060 0.2362526 0.0654456 0.0408506 0.0478364 0.0592315 0.2635990 0.0758706 0.0786810 0.2893426 0.0630947 0.0000000 0.3554226 0.0455207 0.0392126 0.2723656 0.1128347 
Coniochaeta_rhopalochaeta   0.5382611 0.4300482 0.2952222 0.3320050 0.1293133 0.3673659 0.3052013 0.4383507 0.1074338 0.3163508 0.0792013 0.1105555 0.1855794 0.2518163 0.0000010 0.4299923 0.0000010 0.2643466 0.3505736 0.4136184 0.4422671 0.4136625 0.1392164 0.2848105 0.3356254 0.1644840 0.3676353 0.3554226 0.0000000 0.3534666 0.4269246 0.4262819 0.3589861 
Coniochaeta_rosae           0.2646077 0.0630871 0.0472093 0.0794445 0.2438847 0.0796352 0.0342113 0.1475445 0.2232454 0.0616827 0.1039444 0.1238111 0.0916329 0.0629401 0.0165077 0.0747049 0.0278223 0.1497405 0.0642604 0.0231343 0.0329116 0.0337178 0.2358260 0.0549129 0.0779265 0.2630270 0.0446892 0.0455207 0.3534666 0.0000000 0.0595001 0.2755237 0.0639031 
Coniochaeta_simbalensis     0.2786944 0.0554303 0.0719603 0.0842508 0.3450457 0.0238743 0.0587750 0.0000010 0.3012119 0.1025308 0.1153066 0.1313941 0.1186756 0.1171538 0.0203036 0.1443075 0.0162027 0.2374424 0.1038626 0.0549728 0.0548984 0.0655448 0.3289842 0.1176942 0.1414743 0.3359033 0.0747325 0.0392126 0.4269246 0.0595001 0.0000000 0.2723606 0.1435152 
Coniochaeta_verticillata    0.6682321 0.3638095 0.2760322 0.3590473 0.4088884 0.3445143 0.3151302 0.3273644 0.4105531 0.2890015 0.4086367 0.3639185 0.4210135 0.3062626 0.0000010 0.3062103 0.0000010 0.3499589 0.2883959 0.2535174 0.2945469 0.2677673 0.4060498 0.3115369 0.2561144 0.4310786 0.2220951 0.2723656 0.4262819 0.2755237 0.2723606 0.0000000 0.2844900 
Coniochaeta_vineae          0.5851209 0.1630932 0.0544150 0.1064092 0.2490956 0.1326517 0.0983669 0.1522667 0.2592236 0.0468440 0.2293490 0.2706585 0.2868322 0.0418579 0.0000010 0.0648543 0.0000010 0.1964900 0.0856033 0.0325501 0.0461466 0.0460552 0.2725328 0.0392422 0.1690602 0.2764945 0.0538462 0.1128347 0.3589861 0.0639031 0.1435152 0.2844900 0.0000000 
