18
coniochaeta_sp_jdc7.sorted_scaffold_68 0.0000000 0.0179309 0.0211858 0.0520766 0.0247863 0.0261760 0.0341540 0.0332208 0.0535127 0.0255268 0.0419793 0.0466302 0.0242404 0.0405389 0.2461342 0.0231464 0.0378496 0.1659957 
NG_242134.1                            0.0179309 0.0000000 0.0166948 0.0399756 0.0214810 0.0099299 0.0145640 0.0120305 0.0393760 0.0197316 0.0286803 0.0249472 0.0076981 0.0285731 0.0329161 0.0195720 0.0253842 0.1660553 
NG_228849.1                            0.0211858 0.0166948 0.0000000 0.0444131 0.0152326 0.0258695 0.0112147 0.0112147 0.0424924 0.0113155 0.0185888 0.0187478 0.0230210 0.0237490 0.0317559 0.0313636 0.0196089 0.1784765 
NG_076709.1                            0.0520766 0.0399756 0.0444131 0.0000000 0.0511613 0.0467219 0.0427526 0.0427526 0.0445169 0.0495730 0.0712123 0.0645945 0.0479616 0.0427492 0.0537295 0.0725699 0.0651885 0.1946341 
NG_075158.1                            0.0247863 0.0214810 0.0152326 0.0511613 0.0000000 0.0201078 0.0170314 0.0198948 0.0476012 0.0162988 0.0036696 0.0150802 0.0244711 0.0314401 0.2282121 0.0454141 0.0124741 0.1860304 
NG_068555.1                            0.0261760 0.0099299 0.0258695 0.0467219 0.0201078 0.0000000 0.0219507 0.0251162 0.0411945 0.0268759 0.0309537 0.0290861 0.0160245 0.0400025 0.0916524 0.0129113 0.0315239 0.1855407 
NG_067348.1                            0.0341540 0.0145640 0.0112147 0.0427526 0.0170314 0.0219507 0.0000000 0.0058895 0.0452791 0.0158507 0.0221880 0.0166483 0.0188773 0.0316256 0.0484469 0.0410927 0.0154872 0.1770917 
NG_067344.1                            0.0332208 0.0120305 0.0112147 0.0427526 0.0198948 0.0251162 0.0058895 0.0000000 0.0380604 0.0120288 0.0201254 0.0146413 0.0188570 0.0259631 0.0487821 0.0366522 0.0136312 0.1767435 
NG_067257.1                            0.0535127 0.0393760 0.0424924 0.0445169 0.0476012 0.0411945 0.0452791 0.0380604 0.0000000 0.0452699 0.0409562 0.0413579 0.0455880 0.0231395 0.0502414 0.0524924 0.0382777 0.2418898 
NG_066204.1                            0.0255268 0.0197316 0.0113155 0.0495730 0.0162988 0.0268759 0.0158507 0.0120288 0.0452699 0.0000000 0.0203978 0.0244415 0.0275635 0.0263820 0.0432715 0.0408211 0.0176056 0.1741511 
NG_066151.1                            0.0419793 0.0286803 0.0185888 0.0712123 0.0036696 0.0309537 0.0221880 0.0201254 0.0409562 0.0203978 0.0000000 0.0107863 0.0373217 0.0352247 0.0538354 0.0407353 0.0089668 0.2375086 
NG_066150.1                            0.0466302 0.0249472 0.0187478 0.0645945 0.0150802 0.0290861 0.0166483 0.0146413 0.0413579 0.0244415 0.0107863 0.0000000 0.0376910 0.0355521 0.0543995 0.0389774 0.0090392 0.2549503 
NG_064287.1                            0.0242404 0.0076981 0.0230210 0.0479616 0.0244711 0.0160245 0.0188773 0.0188570 0.0455880 0.0275635 0.0373217 0.0376910 0.0000000 0.0350610 0.0271083 0.0338063 0.0376049 0.1884729 
NG_064120.1                            0.0405389 0.0285731 0.0237490 0.0427492 0.0314401 0.0400025 0.0316256 0.0259631 0.0231395 0.0263820 0.0352247 0.0355521 0.0350610 0.0000000 0.0490035 0.0539566 0.0310001 0.1663730 
NG_064080.1                            0.2461342 0.0329161 0.0317559 0.0537295 0.2282121 0.0916524 0.0484469 0.0487821 0.0502414 0.0432715 0.0538354 0.0543995 0.0271083 0.0490035 0.0000000 0.0427256 0.0481124 0.2211348 
NG_042720.1                            0.0231464 0.0195720 0.0313636 0.0725699 0.0454141 0.0129113 0.0410927 0.0366522 0.0524924 0.0408211 0.0407353 0.0389774 0.0338063 0.0539566 0.0427256 0.0000000 0.0414077 0.2289504 
NG_042382.1                            0.0378496 0.0253842 0.0196089 0.0651885 0.0124741 0.0315239 0.0154872 0.0136312 0.0382777 0.0176056 0.0089668 0.0090392 0.0376049 0.0310001 0.0481124 0.0414077 0.0000000 0.2141405 
NG_067452.1                            0.1659957 0.1660553 0.1784765 0.1946341 0.1860304 0.1855407 0.1770917 0.1767435 0.2418898 0.1741511 0.2375086 0.2549503 0.1884729 0.1663730 0.2211348 0.2289504 0.2141405 0.0000000 
