15
Rhodotorula_alborubescens  0.0000000 0.1383258 0.1200868 0.1294725 0.1358871 0.1229114 0.1195684 0.1213490 0.0008646 0.1090128 0.1133728 0.0446095 0.0421559 0.1569853 1.8235704 
Rhodotorula_araucariae     0.1383258 0.0000000 0.0424633 0.0429382 0.0511992 0.0384313 0.0389908 0.0141550 0.1271301 0.0526568 0.0604794 0.1219315 0.1386339 0.0098950 1.6777166 
Rhodotorula_babjevae       0.1200868 0.0424633 0.0000000 0.0151925 0.0381664 0.0051367 0.0042326 0.0319923 0.1102167 0.0325622 0.0670330 0.1119253 0.1217381 0.0427055 1.8438593 
Rhodotorula_diobovata      0.1294725 0.0429382 0.0151925 0.0000000 0.0422651 0.0132962 0.0122428 0.0325502 0.1187894 0.0354194 0.0754528 0.1156812 0.1256062 0.0419881 1.8617151 
Rhodotorula_evergladensis  0.1358871 0.0511992 0.0381664 0.0422651 0.0000000 0.0358427 0.0354709 0.0440342 0.1322575 0.0356418 0.0800129 0.1253084 0.1370010 0.0439389 1.7023336 
Rhodotorula_glutinis       0.1229114 0.0384313 0.0051367 0.0132962 0.0358427 0.0000000 0.0008298 0.0301337 0.1126805 0.0274545 0.0702512 0.1144479 0.1064228 0.0372356 1.3925041 
Rhodotorula_graminis       0.1195684 0.0389908 0.0042326 0.0122428 0.0354709 0.0008298 0.0000000 0.0288064 0.1097045 0.0293171 0.0681587 0.1114122 0.1192868 0.0385440 1.8691758 
Rhodotorula_kratochvilovae 0.1213490 0.0141550 0.0319923 0.0325502 0.0440342 0.0301337 0.0288064 0.0000000 0.1117887 0.0436302 0.0497231 0.1034405 0.1331680 0.0103441 1.7539804 
Rhodotorula_mucilaginosa   0.0008646 0.1271301 0.1102167 0.1187894 0.1322575 0.1126805 0.1097045 0.1117887 0.0000000 0.1014061 0.1045695 0.0410097 0.0391686 0.1523302 1.8948010 
Rhodotorula_ngohengohe     0.1090128 0.0526568 0.0325622 0.0354194 0.0356418 0.0274545 0.0293171 0.0436302 0.1014061 0.0000000 0.0802450 0.0947879 0.0934791 0.0534793 1.3677942 
Rhodotorula_paludigena     0.1133728 0.0604794 0.0670330 0.0754528 0.0800129 0.0702512 0.0681587 0.0497231 0.1045695 0.0802450 0.0000000 0.1161785 0.1294229 0.0595136 1.7723556 
Rhodotorula_sphaerocarpa   0.0446095 0.1219315 0.1119253 0.1156812 0.1253084 0.1144479 0.1114122 0.1034405 0.0410097 0.0947879 0.1161785 0.0000000 0.0353746 0.1529392 1.8426110 
Rhodotorula_taiwanensis    0.0421559 0.1386339 0.1217381 0.1256062 0.1370010 0.1064228 0.1192868 0.1331680 0.0391686 0.0934791 0.1294229 0.0353746 0.0000000 0.1673660 1.4163117 
Rhodotorula_vb21           0.1569853 0.0098950 0.0427055 0.0419881 0.0439389 0.0372356 0.0385440 0.0103441 0.1523302 0.0534793 0.0595136 0.1529392 0.1673660 0.0000000 1.6719263 
Sporobolomyces_roseus      1.8235704 1.6777166 1.8438593 1.8617151 1.7023336 1.3925041 1.8691758 1.7539804 1.8948010 1.3677942 1.7723556 1.8426110 1.4163117 1.6719263 0.0000000 
