15
rhodotorula 0.0000000 0.0938303 0.0368979 0.1045592 0.0344280 0.0912986 0.0294233 0.0128610 0.0972921 0.0420438 0.0393560 0.0214154 0.0116852 0.0242985 0.2578475 
NG_068967.1 0.0938303 0.0000000 0.0730631 0.0265716 0.0771941 0.0000010 0.0580576 0.0703122 0.0235833 0.0805360 0.0754008 0.0603151 0.0876400 0.0672009 0.2683281 
NG_068963.1 0.0368979 0.0730631 0.0000000 0.0788147 0.0016819 0.0715490 0.0459931 0.0286204 0.0780390 0.0050147 0.0016549 0.0084788 0.0395995 0.0155214 0.2797978 
NG_063944.1 0.1045592 0.0265716 0.0788147 0.0000000 0.0681679 0.0260848 0.0795767 0.0872703 0.0281463 0.0816727 0.0812065 0.0673476 0.0923124 0.0789492 0.2447751 
NG_055728.1 0.0344280 0.0771941 0.0016819 0.0681679 0.0000000 0.0755520 0.0490252 0.0310648 0.0821890 0.0068185 0.0033762 0.0102727 0.0383004 0.0176013 0.2486950 
NG_055716.1 0.0912986 0.0000010 0.0715490 0.0260848 0.0755520 0.0000000 0.0569958 0.0688667 0.0231695 0.0788527 0.0738372 0.0591045 0.0857591 0.0658425 0.2611090 
NG_042383.1 0.0294233 0.0580576 0.0459931 0.0795767 0.0490252 0.0569958 0.0000000 0.0269576 0.0638996 0.0524170 0.0480487 0.0353396 0.0357649 0.0404659 0.2696937 
NG_042345.1 0.0128610 0.0703122 0.0286204 0.0872703 0.0310648 0.0688667 0.0269576 0.0000000 0.0656495 0.0344287 0.0305027 0.0191281 0.0178030 0.0226385 0.2712892 
NG_042342.1 0.0972921 0.0235833 0.0780390 0.0281463 0.0821890 0.0231695 0.0638996 0.0656495 0.0000000 0.0807546 0.0803179 0.0654465 0.0876611 0.0677599 0.2502861 
NG_042340.1 0.0420438 0.0805360 0.0050147 0.0816727 0.0068185 0.0788527 0.0524170 0.0344287 0.0807546 0.0000000 0.0067080 0.0137439 0.0458611 0.0173577 0.2743139 
NG_042339.1 0.0393560 0.0754008 0.0016549 0.0812065 0.0033762 0.0738372 0.0480487 0.0305027 0.0803179 0.0067080 0.0000000 0.0102081 0.0416132 0.0173013 0.2780168 
NG_059770.1 0.0214154 0.0603151 0.0084788 0.0673476 0.0102727 0.0591045 0.0353396 0.0191281 0.0654465 0.0137439 0.0102081 0.0000000 0.0269267 0.0067120 0.2384349 
NG_058387.1 0.0116852 0.0876400 0.0395995 0.0923124 0.0383004 0.0857591 0.0357649 0.0178030 0.0876611 0.0458611 0.0416132 0.0269267 0.0000000 0.0291285 0.2574639 
NG_057805.1 0.0242985 0.0672009 0.0155214 0.0789492 0.0176013 0.0658425 0.0404659 0.0226385 0.0677599 0.0173577 0.0173013 0.0067120 0.0291285 0.0000000 0.2758559 
NG_069417.1 0.2578475 0.2683281 0.2797978 0.2447751 0.2486950 0.2611090 0.2696937 0.2712892 0.2502861 0.2743139 0.2780168 0.2384349 0.2574639 0.2758559 0.0000000 
