15
rhodotorula 0.0000000 0.0419308 0.1744842 0.0370887 0.0079062 0.0078914 0.0370139 0.0382533 0.1680259 0.0842604 0.1909023 0.0603237 0.0853461 0.1785657 3.0527690 
NR_077096.1 0.0419308 0.0000000 0.1226161 0.0067417 0.0309997 0.0392182 0.0067417 0.0233178 0.1195114 0.0769954 0.1368336 0.0624760 0.0553909 0.1419206 3.1043774 
NR_073296.1 0.1744842 0.1226161 0.0000000 0.1237777 0.1306880 0.1377761 0.1235119 0.1318934 0.0551150 0.1365692 0.0481353 0.1888785 0.1277999 0.0017649 3.2159447 
NR_073294.1 0.0370887 0.0067417 0.1237777 0.0000000 0.0270944 0.0351349 0.0000010 0.0193656 0.1206458 0.0815633 0.1338660 0.0564376 0.0509134 0.1433179 3.0891556 
NR_073282.1 0.0079062 0.0309997 0.1306880 0.0270944 0.0000000 0.0101924 0.0270490 0.0282518 0.1205805 0.0693559 0.1485614 0.0672895 0.0664471 0.1499636 2.9863817 
NR_073277.1 0.0078914 0.0392182 0.1377761 0.0351349 0.0101924 0.0000000 0.0350747 0.0361631 0.1272819 0.0790122 0.1543194 0.0730784 0.0765417 0.1583346 3.0720587 
NR_073273.1 0.0370139 0.0067417 0.1235119 0.0000010 0.0270490 0.0350747 0.0000000 0.0193015 0.1203914 0.0814074 0.1335678 0.0587851 0.0508214 0.1429709 3.1245146 
NR_073271.1 0.0382533 0.0233178 0.1318934 0.0193656 0.0282518 0.0361631 0.0193015 0.0000000 0.1256915 0.0871798 0.1424623 0.0705870 0.0565008 0.1528085 3.1075218 
NR_073269.1 0.1680259 0.1195114 0.0551150 0.1206458 0.1205805 0.1272819 0.1203914 0.1256915 0.0000000 0.1484723 0.0386933 0.1689210 0.1055655 0.0632324 3.1477098 
NR_073265.1 0.0842604 0.0769954 0.1365692 0.0815633 0.0693559 0.0790122 0.0814074 0.0871798 0.1484723 0.0000000 0.1519549 0.1170491 0.1190014 0.1565432 3.0559916 
NR_157462.1 0.1909023 0.1368336 0.0481353 0.1338660 0.1485614 0.1543194 0.1335678 0.1424623 0.0386933 0.1519549 0.0000000 0.1725835 0.1066826 0.0538937 3.1810376 
NR_137709.1 0.0603237 0.0624760 0.1888785 0.0564376 0.0672895 0.0730784 0.0587851 0.0705870 0.1689210 0.1170491 0.1725835 0.0000000 0.0722944 0.1930978 3.1116929 
NR_153298.1 0.0853461 0.0553909 0.1277999 0.0509134 0.0664471 0.0765417 0.0508214 0.0565008 0.1055655 0.1190014 0.1066826 0.0722944 0.0000000 0.1434452 3.1322931 
NR_153197.1 0.1785657 0.1419206 0.0017649 0.1433179 0.1499636 0.1583346 0.1429709 0.1528085 0.0632324 0.1565432 0.0538937 0.1930978 0.1434452 0.0000000 3.2678497 
NG_069417.1 3.0527690 3.1043774 3.2159447 3.0891556 2.9863817 3.0720587 3.1245146 3.1075218 3.1477098 3.0559916 3.1810376 3.1116929 3.1322931 3.2678497 0.0000000 
