31
coniochaeta_sp_jdc7.sorted_scaffold_68|F 0.0000000 0.1194925 0.1574893 0.1241836 0.1189000 0.1234271 0.2954106 0.3551917 0.1459233 0.1202960 0.1195404 0.3323379 0.3028113 0.3030926 0.2372911 0.2310544 0.3191246 0.1445356 0.1382389 0.1294415 0.1337176 0.3318961 0.1352047 0.1534128 0.2967059 0.1783419 0.1297526 0.2852062 0.1522158 0.1354746 0.4560313 
NR_189971.1                              0.1194925 0.0000000 0.0957756 0.0763526 0.0721538 0.0728797 0.2167491 0.2984648 0.1042083 0.0614056 0.0956284 0.2591883 0.2324700 0.2331917 0.1701763 0.2016757 0.2465597 0.1347210 0.0987315 0.1026097 0.1310267 0.2254397 0.0909538 0.1016712 0.2181241 0.1155820 0.1160270 0.2359724 0.1037305 0.1042235 0.4110119 
NR_185589.1                              0.1574893 0.0957756 0.0000000 0.0737251 0.0730216 0.0581891 0.1792243 0.2631301 0.0921064 0.0668124 0.1170952 0.2457062 0.2207688 0.2658556 0.1733939 0.1416724 0.2001465 0.1235058 0.0829642 0.0924101 0.1505017 0.2027540 0.0704066 0.1011268 0.1846633 0.0969302 0.1052437 0.2298339 0.0637326 0.0803609 0.3925642 
NR_177572.1                              0.1241836 0.0763526 0.0737251 0.0000000 0.0119824 0.0197997 0.1560414 0.2193550 0.0408592 0.0586867 0.1099145 0.1822825 0.1484777 0.2586655 0.1011421 0.1324086 0.1756165 0.1121046 0.0358156 0.0441191 0.1281655 0.1685234 0.0599459 0.0984264 0.1682184 0.0860517 0.0442114 0.1643632 0.0535019 0.0677440 0.4639685 
NR_177571.1                              0.1189000 0.0721538 0.0730216 0.0119824 0.0000000 0.0197935 0.1540621 0.2464075 0.0383875 0.0525520 0.1105853 0.1911182 0.1567887 0.2616370 0.1039978 0.1397145 0.1843270 0.1109283 0.0302508 0.0383573 0.1324275 0.1770374 0.0526581 0.0792736 0.1766970 0.0756351 0.0384357 0.1728138 0.0530308 0.0651987 0.4339230 
NR_175055.1                              0.1234271 0.0728797 0.0581891 0.0197997 0.0197935 0.0000000 0.1822080 0.2688515 0.0451910 0.0453128 0.0960112 0.2298604 0.2082016 0.2432736 0.1331026 0.1334991 0.1792403 0.0787520 0.0413302 0.0441101 0.1064550 0.1794053 0.0582096 0.0774894 0.1806750 0.0837815 0.0546853 0.2232039 0.0439145 0.0581513 0.4714259 
NR_173009.1                              0.2954106 0.2167491 0.1792243 0.1560414 0.1540621 0.1822080 0.0000000 0.0750321 0.2025302 0.1818946 0.2562909 0.1077874 0.0366558 0.3346932 0.2066887 0.1881313 0.0947300 0.2417216 0.2153952 0.2231449 0.2802842 0.0730714 0.1935244 0.2050042 0.0520495 0.2519230 0.2371558 0.0613898 0.1711885 0.2161093 0.4140358 
NR_172554.1                              0.3551917 0.2984648 0.2631301 0.2193550 0.2464075 0.2688515 0.0750321 0.0000000 0.3030916 0.2929379 0.3610615 0.1642305 0.1184134 0.3477506 0.2815323 0.2293628 0.1462127 0.3148764 0.3450908 0.3449109 0.3697952 0.1259468 0.2956958 0.2831456 0.0992410 0.3618222 0.3644791 0.1014816 0.2529307 0.3085997 0.4204322 
NR_168225.1                              0.1459233 0.1042083 0.0921064 0.0408592 0.0383875 0.0451910 0.2025302 0.3030916 0.0000000 0.0802215 0.1305832 0.2481876 0.2186015 0.2425394 0.1496295 0.1733611 0.2367132 0.1187672 0.0319966 0.0447610 0.1374566 0.2345828 0.0609825 0.0973263 0.2248090 0.0618401 0.0448462 0.2340954 0.0524348 0.0525801 0.4594440 
NR_167688.1                              0.1202960 0.0614056 0.0668124 0.0586867 0.0525520 0.0453128 0.1818946 0.2929379 0.0802215 0.0000000 0.0968481 0.2720230 0.2273379 0.2421371 0.1847621 0.1488376 0.1933618 0.0908732 0.0669964 0.0730438 0.1119620 0.1809738 0.0606943 0.0892821 0.1879897 0.1093265 0.0847852 0.2377189 0.0817096 0.0836337 0.4023884 
NR_164024.1                              0.1195404 0.0956284 0.1170952 0.1099145 0.1105853 0.0960112 0.2562909 0.3610615 0.1305832 0.0968481 0.0000000 0.3176845 0.2970327 0.2361544 0.2370323 0.2051972 0.2893470 0.0365848 0.1143343 0.1096712 0.0000010 0.2797303 0.1180072 0.0793831 0.2623323 0.1315379 0.1245724 0.2683110 0.1227972 0.1270249 0.4252551 
NR_159779.1                              0.3323379 0.2591883 0.2457062 0.1822825 0.1911182 0.2298604 0.1077874 0.1642305 0.2481876 0.2720230 0.3176845 0.0000000 0.1555702 0.3455942 0.2158234 0.2339627 0.0408291 0.3134790 0.2532266 0.2610894 0.3179509 0.0617855 0.2535837 0.2763488 0.0657196 0.3088507 0.2763501 0.0591162 0.2226235 0.2403190 0.5232809 
NR_159776.1                              0.3028113 0.2324700 0.2207688 0.1484777 0.1567887 0.2082016 0.0366558 0.1184134 0.2186015 0.2273379 0.2970327 0.1555702 0.0000000 0.3365751 0.1998832 0.2137625 0.1402279 0.2923794 0.2058020 0.2133997 0.2772601 0.1236006 0.2131444 0.2574184 0.0984200 0.2477304 0.2273118 0.0935279 0.1921209 0.2397269 0.4392395 
NR_159774.1                              0.3030926 0.2331917 0.2658556 0.2586655 0.2616370 0.2432736 0.3346932 0.3477506 0.2425394 0.2421371 0.2361544 0.3455942 0.3365751 0.0000000 0.2179194 0.2847058 0.3506013 0.2890851 0.2190749 0.2303275 0.2781486 0.3304079 0.2352270 0.2981994 0.3383525 0.2600426 0.2506639 0.3031000 0.2333566 0.1960769 0.5342959 
NR_159772.1                              0.2372911 0.1701763 0.1733939 0.1011421 0.1039978 0.1331026 0.2066887 0.2815323 0.1496295 0.1847621 0.2370323 0.2158234 0.1998832 0.2179194 0.0000000 0.1089094 0.2173641 0.2419357 0.1470454 0.1498648 0.2731404 0.1954232 0.1369093 0.1917152 0.1954052 0.1753608 0.1660198 0.2090067 0.1233069 0.1356724 0.4895731 
NR_121521.1                              0.2310544 0.2016757 0.1416724 0.1324086 0.1397145 0.1334991 0.1881313 0.2293628 0.1733611 0.1488376 0.2051972 0.2339627 0.2137625 0.2847058 0.1089094 0.0000000 0.1899855 0.2153861 0.1797981 0.1758169 0.2590470 0.1618556 0.1348166 0.1807147 0.1534300 0.1959426 0.1930193 0.2040141 0.1395998 0.1357534 0.4146369 
NR_121473.1                              0.3191246 0.2465597 0.2001465 0.1756165 0.1843270 0.1792403 0.0947300 0.1462127 0.2367132 0.1933618 0.2893470 0.0408291 0.1402279 0.3506013 0.2173641 0.1899855 0.0000000 0.2238619 0.2463471 0.2661748 0.2985336 0.0420511 0.2264626 0.2265408 0.0502162 0.3102277 0.2816234 0.0415247 0.1921892 0.2241230 0.4784740 
NR_120211.1                              0.1445356 0.1347210 0.1235058 0.1121046 0.1109283 0.0787520 0.2417216 0.3148764 0.1187672 0.0908732 0.0365848 0.3134790 0.2923794 0.2890851 0.2419357 0.2153861 0.2238619 0.0000000 0.1005158 0.0961430 0.0316665 0.2591143 0.1177342 0.0876898 0.2433923 0.1515179 0.1092900 0.2882543 0.1111172 0.1130410 0.5030005 
NR_111520.1                              0.1382389 0.0987315 0.0829642 0.0358156 0.0302508 0.0413302 0.2153952 0.3450908 0.0319966 0.0669964 0.1143343 0.2532266 0.2058020 0.2190749 0.1470454 0.1797981 0.2463471 0.1005158 0.0000000 0.0126701 0.1200120 0.2526629 0.0431143 0.0832085 0.2330720 0.0662533 0.0194234 0.2286085 0.0614411 0.0616505 0.5072854 
NR_111519.1                              0.1294415 0.1026097 0.0924101 0.0441191 0.0383573 0.0441101 0.2231449 0.3449109 0.0447610 0.0730438 0.1096712 0.2610894 0.2133997 0.2303275 0.1498648 0.1758169 0.2661748 0.0961430 0.0126701 0.0000000 0.1156210 0.2623452 0.0536822 0.0841156 0.2421318 0.0810240 0.0062344 0.2375477 0.0650752 0.0692990 0.5143192 
NR_111517.1                              0.1337176 0.1310267 0.1505017 0.1281655 0.1324275 0.1064550 0.2802842 0.3697952 0.1374566 0.1119620 0.0000010 0.3179509 0.2772601 0.2781486 0.2731404 0.2590470 0.2985336 0.0316665 0.1200120 0.1156210 0.0000000 0.3212252 0.1323257 0.1012661 0.3023878 0.1546286 0.1272508 0.2832927 0.1359346 0.1249069 0.5471112 
NR_154808.1                              0.3318961 0.2254397 0.2027540 0.1685234 0.1770374 0.1794053 0.0730714 0.1259468 0.2345828 0.1809738 0.2797303 0.0617855 0.1236006 0.3304079 0.1954232 0.1618556 0.0420511 0.2591143 0.2526629 0.2623452 0.3212252 0.0000000 0.2045218 0.2058096 0.0323876 0.3078041 0.2775609 0.0329256 0.1866746 0.2088751 0.3913426 
NR_157509.1                              0.1352047 0.0909538 0.0704066 0.0599459 0.0526581 0.0582096 0.1935244 0.2956958 0.0609825 0.0606943 0.1180072 0.2535837 0.2131444 0.2352270 0.1369093 0.1348166 0.2264626 0.1177342 0.0431143 0.0536822 0.1323257 0.2045218 0.0000000 0.0741569 0.1959464 0.0706378 0.0645011 0.2326788 0.0706757 0.0709622 0.4029860 
NR_157508.1                              0.1534128 0.1016712 0.1011268 0.0984264 0.0792736 0.0774894 0.2050042 0.2831456 0.0973263 0.0892821 0.0793831 0.2763488 0.2574184 0.2981994 0.1917152 0.1807147 0.2265408 0.0876898 0.0832085 0.0841156 0.1012661 0.2058096 0.0741569 0.0000000 0.1944699 0.1198656 0.0967411 0.2442951 0.0888509 0.0986138 0.4515354 
NR_157478.1                              0.2967059 0.2181241 0.1846633 0.1682184 0.1766970 0.1806750 0.0520495 0.0992410 0.2248090 0.1879897 0.2623323 0.0657196 0.0984200 0.3383525 0.1954052 0.1534300 0.0502162 0.2433923 0.2330720 0.2421318 0.3023878 0.0323876 0.1959464 0.1944699 0.0000000 0.2766477 0.2566709 0.0105704 0.1899891 0.2019656 0.3948004 
NR_154770.1                              0.1783419 0.1155820 0.0969302 0.0860517 0.0756351 0.0837815 0.2519230 0.3618222 0.0618401 0.1093265 0.1315379 0.3088507 0.2477304 0.2600426 0.1753608 0.1959426 0.3102277 0.1515179 0.0662533 0.0810240 0.1546286 0.3078041 0.0706378 0.1198656 0.2766477 0.0000000 0.0908642 0.2770205 0.0883809 0.0780166 0.4570439 
NR_154769.1                              0.1297526 0.1160270 0.1052437 0.0442114 0.0384357 0.0546853 0.2371558 0.3644791 0.0448462 0.0847852 0.1245724 0.2763501 0.2273118 0.2506639 0.1660198 0.1930193 0.2816234 0.1092900 0.0194234 0.0062344 0.1272508 0.2775609 0.0645011 0.0967411 0.2566709 0.0908642 0.0000000 0.2487162 0.0765316 0.0807101 0.5572301 
NR_144912.1                              0.2852062 0.2359724 0.2298339 0.1643632 0.1728138 0.2232039 0.0613898 0.1014816 0.2340954 0.2377189 0.2683110 0.0591162 0.0935279 0.3031000 0.2090067 0.2040141 0.0415247 0.2882543 0.2286085 0.2375477 0.2832927 0.0329256 0.2326788 0.2442951 0.0105704 0.2770205 0.2487162 0.0000000 0.2128674 0.2408214 0.4801401 
NR_137725.1                              0.1522158 0.1037305 0.0637326 0.0535019 0.0530308 0.0439145 0.1711885 0.2529307 0.0524348 0.0817096 0.1227972 0.2226235 0.1921209 0.2333566 0.1233069 0.1395998 0.1921892 0.1111172 0.0614411 0.0650752 0.1359346 0.1866746 0.0706757 0.0888509 0.1899891 0.0883809 0.0765316 0.2128674 0.0000000 0.0657043 0.4329617 
NR_137037.1                              0.1354746 0.1042235 0.0803609 0.0677440 0.0651987 0.0581513 0.2161093 0.3085997 0.0525801 0.0836337 0.1270249 0.2403190 0.2397269 0.1960769 0.1356724 0.1357534 0.2241230 0.1130410 0.0616505 0.0692990 0.1249069 0.2088751 0.0709622 0.0986138 0.2019656 0.0780166 0.0807101 0.2408214 0.0657043 0.0000000 0.4230583 
NR_171740.1                              0.4560313 0.4110119 0.3925642 0.4639685 0.4339230 0.4714259 0.4140358 0.4204322 0.4594440 0.4023884 0.4252551 0.5232809 0.4392395 0.5342959 0.4895731 0.4146369 0.4784740 0.5030005 0.5072854 0.5143192 0.5471112 0.3913426 0.4029860 0.4515354 0.3948004 0.4570439 0.5572301 0.4801401 0.4329617 0.4230583 0.0000000 
